0.296787
-2.384900
-7.913000
-8.672848
-9.844933
-11.536455
-12.520832
-13.493631
-15.867448
-19.167490
-20.239129
-20.801325
-23.927019
-28.567028
-31.110259
-34.741443
-35.584621
-38.362153
-42.148711
-44.048723
-44.089029
-45.544842
-49.046933
-50.961420
-54.982711
-62.209737
-67.290816
-71.230802
-74.178955
-74.950061
-74.569744
-75.874695
-79.712488
-83.163234
-85.831584
-87.654996
-89.509244
-92.826712
-96.743803
-101.389311
-107.432901
-112.062193
-115.227948
-115.407538
-116.883870
-118.118934
-121.304762
-124.607776
-129.973882
-133.412467
-135.344809
-141.822709
-142.241514
-140.266017
-141.463830
-142.985040
-143.592141
-144.973824
-144.687137
-145.314737
-146.030483
-143.147984
-143.579030
-146.747258
-147.476993
-149.615980
-152.391153
-154.061938
-158.707245
-163.524987
-166.886866
-172.926976
-179.695407
-184.695782
-190.196386
-193.215728
-196.394092
-199.007968
-200.648266
-200.234799
-201.501968
-203.978240
-205.501510
-208.079349
-210.824124
-211.521270
-211.699107
-213.347261
-216.434507
-220.090025
-222.645669
-225.634896
-227.920489
-232.576576
-239.542118
-242.877813
-246.917934
-251.409164
-256.088434
-260.019108
-263.478400
-265.744441
-265.508158
-266.753932
-267.782109
-271.490557
-273.733821
-274.254950
-275.809629
-277.679787
-280.151279
-283.079967
-288.518054
-292.413397
-295.994142
-297.873433
-299.509372
-302.061290
-303.834257
-305.551079
-307.195009
-311.526975
-316.770331
-321.553836
-324.011645
-324.264639
-324.752219
-325.060368
-328.314266
-332.314671
-334.634756
-335.352084
-335.070501
-335.889404
-339.608140
-344.053876
-347.614056
-349.658052
-352.820181
-353.982214
-356.266687
-361.765100
-366.654344
-370.510678
-374.864914
-380.436335
-384.956952
-389.057860
-391.942797
-394.367845
-395.491950
-394.766294
-396.487373
-401.065344
-400.460853
-398.858515
-399.105614
-400.337965
-401.359663
-404.078827
-407.328802
-410.131671
-413.482119
-417.933230
-423.511391
-428.467812
-435.922663
-439.294191
-445.336585
-450.165214
-454.706658
-458.608223
-460.434211
-462.426872
-463.583156
-464.088692
-466.368398
-471.306898
-474.309323
-475.523860
-474.282576
-473.469536
-475.222078
-479.069215
-483.594516
-486.995147
-489.607778
-492.141997
-495.492930
-500.410948
-507.041322
-511.220163
-515.808255
-519.894093
-524.456364
-528.158585
-528.925624
-530.485898
-531.674362
-533.411090
-536.249424
-541.548453
-548.157793
-552.189205
-549.459539
-546.601106
-549.084493
-554.059604
-559.860229
-563.858623
-565.733436
-566.350764
-567.474468
-572.354084
-578.159982
-583.146135
-588.645973
-594.194346
-597.211425
-600.210852
-602.872138
-604.747084
-604.758785
-605.525160
-607.665833
-613.534240
-616.952292
-619.106882
-621.113403
-623.345278
-627.459322
-630.958541
-634.821806
-636.997934
-639.012205
-643.390386
-648.310268
-652.257975
-656.680531
-659.229590
-662.098334
-664.915322
-669.327803
-673.529372
-676.208759
-676.944510
-679.483178
-683.316933
-683.430910
-688.404469
-691.037650
-692.321591
-694.506872
-695.776799
-697.706344
-700.630951
-705.794514
-709.894761
-712.704066
-717.008656
-719.312094
-724.093507
-729.520170
-733.043788
-736.709911
-739.247984
-740.644570
-743.080033
-744.783704
-748.205495
-750.789664
-753.430834
-755.972623
-761.620985
-765.990483
-767.117721
-767.200302
-769.264295
-771.940924
-775.779393
-778.427354
-779.285436
-782.898712
-787.723344
-789.516466
-793.137301
-798.440531
-799.719609
-804.308061
-808.369989
-812.381886
-813.863287
-815.491721
-817.901897
-819.897939
-824.071278
-826.599480
-831.791756
-834.512400
-835.617578
-836.533852
-837.279476
-839.765646
-843.490069
-847.368439
-851.911968
-856.377661
-858.713276
-861.654793
-866.366301
-871.242622
-874.012769
-878.159439
-882.683834
-885.688725
-888.474182
-891.308557
-896.510818
-899.738228
-901.181646
-902.716352
-907.463943
-907.803740
-907.608859
-909.448290
-911.743066
-914.368768
-918.418360
-922.422865
-925.332901
-928.769481
-930.609732
-933.010280
-938.826348
-946.050143
-950.644385
-956.159264
-959.779670
-964.274833
-967.883979
-970.453505
-972.616340
-975.546131
-975.566586
-975.873577
-980.242696
-982.694487
-982.809404
-983.719413
-985.900927
-988.990839
-993.354133
-996.215464
-999.544450
-1002.385786
-1004.064131
-1007.229017
-1014.152184
-1021.375980
-1025.970221
-1031.405829
-1034.011705
-1039.550231
-1043.733913
-1045.582165
-1048.119804
-1051.182618
-1049.620624
-1052.202542
-1054.625786
-1055.957711
-1059.801633
-1067.369870
-1067.608124
-1066.676887
-1069.937674
-1070.824921
-1071.520074
-1076.137397
-1080.301657
-1084.890111
-1089.249665
-1090.400586
-1091.647908
-1092.481411
-1096.812561
-1101.687427
-1110.496680
-1114.826257
-1116.955439
-1116.144706
-1116.553904
-1120.460322
-1124.258383
-1123.798183
-1128.327842
-1136.155586
-1138.269909
-1136.008912
-1136.911534
-1137.251122
-1138.425406
-1142.089209
-1146.108053
-1149.975256
-1153.871483
-1155.723757
-1160.272451
-1161.347307
-1164.058306
-1170.011581
-1176.733587
-1180.371836
-1184.881669
-1186.962919
-1185.729333
-1188.440985
-1191.848416
-1192.623794
-1197.838825
-1205.299489
-1206.536916
-1204.751822
-1206.860596
-1207.169774
-1208.181376
-1212.143863
-1214.868275
-1218.263974
-1222.325687
-1225.289507
-1230.341583
-1231.752103
-1231.803312
-1236.549729
-1244.234027
-1245.642272
-1250.902434
-1251.573699
-1249.978931
-1254.550269
-1256.280192
-1254.757274
-1259.978165
-1266.693983
-1268.949794
-1267.368553
-1269.288360
-1268.099400
-1269.629273
-1273.355751
-1278.224099
-1284.271744
-1289.338097
-1292.410931
-1295.963791
-1297.291090
-1298.667173
-1302.698627
-1307.789915
-1311.682919
-1316.604822
-1318.740281
-1318.055559
-1322.294864
-1324.696155
-1324.224164
-1327.919402
-1335.983996
-1337.031141
-1337.682115
-1339.877015
-1341.248424
-1343.713628
-1348.028741
-1351.601782
-1356.577688
-1361.102044
-1364.712627
-1369.699414
-1370.632718
-1370.729621
-1375.877271
-1381.668585
-1384.634663
-1389.552983
-1390.450796
-1389.869498
-1394.167357
-1395.916312
-1395.832496
-1401.031546
-1407.184637
-1407.492170
-1407.792778
-1409.950473
-1409.826495
-1410.993716
-1413.792451
-1419.012014
-1423.324595
-1427.192456
-1430.966356
-1436.362891
-1439.147849
-1442.025844
-1447.326219
-1452.109857
-1455.683010
-1460.330444
-1462.746454
-1461.676712
-1466.767153
-1467.918006
-1467.555528
-1472.888809
-1477.340902
-1478.479428
-1481.129612
-1482.174680
-1481.740273
-1487.182923
-1492.592278
-1496.074765
-1501.373655
-1501.733963
-1503.217743
-1505.401592
-1505.711697
-1508.480934
-1513.989615
-1518.129009
-1521.319015
-1527.924477
-1528.917754
-1528.983181
-1534.501457
-1535.277963
-1534.845847
-1541.650192
-1544.517224
-1543.279219
-1541.672780
-1544.609897
-1547.815632
-1551.603869
-1556.816889
-1562.623168
nan
nan
nan
nan
